20
0.00 0.95 0.47 1.82 0.75 0.50 1.06 0.85 1.42 1.20 1.58 0.70 0.73 1.25 1.05 0.36 0.91 1.67 1.13 1.15
0.95 0.00 0.89 1.33 1.06 1.42 1.23 1.28 1.26 0.43 0.79 1.40 0.90 1.13 0.62 0.79 1.25 0.56 0.96 0.45
0.47 0.89 0.00 1.73 1.12 1.17 1.10 1.13 1.65 0.64 1.49 1.22 1.29 1.28 0.95 1.00 0.95 1.34 1.24 0.79
1.82 1.33 1.73 0.00 1.30 1.02 1.05 0.70 0.57 1.15 0.50 1.22 1.22 0.83 0.95 1.53 1.14 0.48 0.63 1.12
0.75 1.06 1.12 1.30 0.00 1.10 0.53 1.35 0.98 1.24 1.14 0.24 0.88 0.94 0.96 0.38 1.20 1.22 1.78 1.10
0.50 1.42 1.17 1.02 1.10 0.00 1.31 0.43 0.91 1.36 1.09 0.67 0.79 0.81 1.13 0.72 0.85 1.47 0.75 1.24
1.06 1.23 1.10 1.05 0.53 1.31 0.00 1.07 0.61 1.42 1.21 0.45 0.83 1.30 0.84 0.99 0.78 1.11 1.18 1.21
0.85 1.28 1.13 0.70 1.35 0.43 1.07 0.00 1.22 1.25 1.18 1.11 1.01 1.46 0.60 1.22 0.87 1.12 0.41 1.12
1.42 1.26 1.65 0.57 0.98 0.91 0.61 1.22 0.00 1.32 0.51 0.62 0.85 0.47 1.19 1.04 0.94 0.78 0.90 1.14
1.20 0.43 0.64 1.15 1.24 1.36 1.42 1.25 1.32 0.00 0.56 1.37 1.47 0.72 0.57 1.23 1.22 0.55 1.26 0.09
1.58 0.79 1.49 0.50 1.14 1.09 1.21 1.18 0.51 0.56 0.00 1.10 1.44 0.28 0.77 1.01 1.48 0.18 1.09 0.41
0.70 1.40 1.22 1.22 0.24 0.67 0.45 1.11 0.62 1.37 1.10 0.00 0.73 0.74 1.05 0.56 0.82 1.46 1.55 1.15
0.73 0.90 1.29 1.22 0.88 0.79 0.83 1.01 0.85 1.47 1.44 0.73 0.00 1.25 1.44 0.81 0.31 1.53 0.70 1.51
1.25 1.13 1.28 0.83 0.94 0.81 1.30 1.46 0.47 0.72 0.28 0.74 1.25 0.00 1.28 0.83 1.22 0.76 1.39 0.68
1.05 0.62 0.95 0.95 0.96 1.13 0.84 0.60 1.19 0.57 0.77 1.05 1.44 1.28 0.00 1.10 1.42 0.57 1.02 0.36
0.36 0.79 1.00 1.53 0.38 0.72 0.99 1.22 1.04 1.23 1.01 0.56 0.81 0.83 1.10 0.00 1.34 1.15 1.41 1.04
0.91 1.25 0.95 1.14 1.20 0.85 0.78 0.87 0.94 1.22 1.48 0.82 0.31 1.22 1.42 1.34 0.00 1.62 0.70 1.34
1.67 0.56 1.34 0.48 1.22 1.47 1.11 1.12 0.78 0.55 0.18 1.46 1.53 0.76 0.57 1.15 1.62 0.00 0.92 0.45
1.13 0.96 1.24 0.63 1.78 0.75 1.18 0.41 0.90 1.26 1.09 1.55 0.70 1.39 1.02 1.41 0.70 0.92 0.00 1.29
1.15 0.45 0.79 1.12 1.10 1.24 1.21 1.12 1.14 0.09 0.41 1.15 1.51 0.68 0.36 1.04 1.34 0.45 1.29 0.00